R 0 0 50 50
R 50 0 50 50
R 100 0 50 50
R 150 0 50 50
R 200 0 50 50
R 250 0 50 50
R 300 0 50 50
R 350 0 50 50
R 0 50 50 50
R 50 50 50 50
R 100 50 50 50
R 150 50 50 50
R 200 50 50 50
R 250 50 50 50
R 300 50 50 50
R 350 50 50 50
R 0 100 50 50
R 50 100 50 50
R 100 100 50 50
R 150 100 50 50
R 200 100 50 50
R 250 100 50 50
R 300 100 50 50
R 350 100 50 50
R 0 150 50 50
R 50 150 50 50
R 100 150 50 50
R 150 150 50 50
R 200 150 50 50
R 250 150 50 50
R 300 150 50 50
R 350 150 50 50
R 0 200 50 50
R 50 200 50 50
R 100 200 50 50
R 150 200 50 50
R 200 200 50 50
R 250 200 50 50
R 300 200 50 50
R 350 200 50 50
R 0 250 50 50
R 50 250 50 50
R 100 250 50 50
R 150 250 50 50
R 200 250 50 50
R 250 250 50 50
R 300 250 50 50
R 350 250 50 50
R 0 300 50 50
R 50 300 50 50
R 100 300 50 50
R 150 300 50 50
R 200 300 50 50
R 250 300 50 50
R 300 300 50 50
R 350 300 50 50
R 0 350 50 50
R 50 350 50 50
R 100 350 50 50
R 150 350 50 50
R 200 350 50 50
R 250 350 50 50
R 300 350 50 50
I Assets/explosion.png
O 50 50 True True
G 0 0 255
S 255 0 0
P 0 False False False False
